# Create data for the graph.
v <-  c(30888,
49709,
49709,
55722,
55722,
55722,
61776,
99418,
99418,
111444,
111444,
111444,
169883,
258489,
289755,
289755,
525093,
525093,
525093,
525093,
525093,
525093,
525093,
525093,
525093,
525093,
525093,
525093,
525093,
561716,
600000,
625093,
650000,
700000,
700902,
800321,
845059,
845059,
845059,
845059,
845059,
845059,
845059,
845059,
845059,
855000,
874837,
900000,
947276,
947276,
947276,
947276,
947276,
947276,
947276,
947276,
947276,
947276,
947726,
981348,
981348,
981348,
981348,
981348,
1000000,
1000000,
1000000,
1007026,
1007026,
1015421,
1015421,
1015421,
1015421,
1035000,
1074169,
1100000,
1100602,
1100602,
1100602,
1100602,
1100602,
1131960,
1140240,
1140240,
1142880,
1147276,
1148640,
1149500,
1150000,
1155600,
1159680,
1160160,
1164858,
1170960,
1175880,
1185784,
1185784,
1200000,
1201440,
1210800,
1230840,
1242720,
1252440,
1270964,
1270964,
1276000,
1282080,
1294440,
1300000,
1304520,
1320000,
1335480,
1348440,
1358880,
1362897,
1391160,
1404600,
1415520,
1449000,
1449187,
1463040,
1474440,
1499187,
1500000,
1500000,
1509360,
1524000,
1535880,
1572360,
1584480,
1599840,
1635476,
1636842,
1646400,
1662360,
1706225,
1709719,
1724250,
1733040,
1749840,
1763400,
1824360,
1842000,
1842000,
1920240,
1938840,
1953960,
2000000,
2000000,
2008748,
2021520,
2038206,
2041080,
2050000,
2056920,
2100000,
2109294,
2127840,
2139000,
2139000,
2144772,
2148360,
2165160,
2170465,
2170465,
2170465,
2179353,
2239800,
2250000,
2279040,
2288205,
2288205,
2357760,
2380440,
2380593,
2399040,
2433333,
2481720,
2489530,
2500000,
2500000,
2500000,
2505720,
2525160,
2569260,
2612520,
2616975,
2637720,
2658240,
2750000,
2814000,
2814000,
2814000,
2836186,
2836768,
2841960,
2850000,
2854940,
2854940,
2854940,
2869440,
2891760,
2894059,
2900000,
2900000,
2943221,
3000000,
3000000,
3000000,
3034356,
3036927,
3075880,
3102240,
3110796,
3132240,
3135000,
3156600,
3189794,
3272091,
3300000,
3333333,
3344000,
3376000,
3382023,
3398280,
3425510,
3425510,
3431040,
3457800,
3533333,
3542500,
3553917,
3578947,
3741480,
3750000,
3750000,
3777720,
3807120,
3815000,
3873398,
3950001,
3950313,
4000000,
4000000,
4000000,
4000000,
4000000,
4050000,
4053446,
4088019,
4131720,
4171680,
4204200,
4236287,
4290000,
4300000,
4300000,
4345000,
4375000,
4389607,
4394225,
4440000,
4500000,
4500000,
4582680,
4626960,
4660482,
4662960,
4775000,
4950000,
5000000,
5000000,
5000000,
5013559,
5016000,
5103120,
5138430,
5152440,
5158539,
5192520,
5200000,
5219169,
5250000,
5378974,
5464000,
5500000,
5500000,
5543725,
5543725,
5543725,
5613500,
5613500,
5675000,
5675000,
5694674,
5703600,
5746479,
5758680,
6000000,
6060606,
6110034,
6268675,
6270000,
6300000,
6331404,
6486486,
6500000,
6500000,
6600000,
6796117,
6912869,
6980802,
7000000,
7000000,
7000000,
7000000,
7008475,
7070730,
7085000,
7085000,
7402812,
7448760,
7500000,
7700000,
7730337,
7900000,
8000000,
8000000,
8000000,
8000000,
8042895,
8193029,
8193030,
8229375,
8333334,
8344497,
8500000,
8500000,
8988765,
9000000,
9213483,
9450000,
9463484,
9500000,
9588426,
9638555,
9756250,
10000000,
10050000,
10105855,
10151612,
10300000,
10449438,
10522500,
10595507,
10734586,
11217391,
11235955,
11235955,
11250000,
11370786,
11710456,
12000000,
12000000,
12000000,
12100000,
12250000,
12403101,
12404495,
12650000,
12700000,
13000000,
13000000,
13125306,
13400000,
13437500,
13500000,
13500000,
13600000,
13800000,
13913044,
14000000,
14260870,
14260870,
14700000,
14783000,
15361500,
15409570,
15493680,
15501000,
15514031,
15592217,
15756438,
15851950,
15851950,
16000000,
16407500,
16407500,
16407500,
16407501,
16744218,
17120106,
18671659,
18907726,
19688000,
19689000,
19689000,
20000000,
20093064,
20158622,
21468695,
22192730,
22359364,
22875000,
22970500,
24894863,
25000000
)

# Give the chart file a name.
png(file = "histogram.png")
limit <- c(30888, 25000000)
# Create the histogram.
hist(v,xlim = limit,main="Basketball players saleries",xlab = "salary", ylab="number of players with said said salary",col = "red",border = "blue")

# Save the file.
dev.off()

